instr[6..0]  func7_30  func3[2..0] | ALUsrc MemToReg RegWrite MemRead MemWrite branch ALUop[3..0] bboxToReg
~~~~~~~~~~~~~~~~~~~~~~~~~~~~~~~~~~~~~~~~~~~~~~~~~~~~~~~~~~~~~~~~~~~~~~~~~~~~~~~~~~~~~~~~~~~~~~~~~~~~
0110011           0   000  |   0      0       1        0        0       0   000-  0
0110011           1   000  |   0      0       1        0        0       0   010-  0
0110011           0   111  |   0      0       1        0        0       0   1111  0
0110011           0   010  |   0      0       1        0        0       0   ----  1
0110011           0   001  |   0      0       1        0        0       0   001-  0
0110011           1   101  |   0      0       1        0        0       0   0111  0
0010011           -   000  |   1      0       1        0        0       0   000-  0
0010011           -   111  |   1      0       1        0        0       0   1111  0
0000011           -   010  |   1      1       1        1        0       0   000-  0
0000011           -   000  |   1      1       1        1        0       0   000-  0
0100011           -   010  |   1      -       0        0        1       0   000-  0
0100011           -   000  |   1      -       0        0        1       0   000-  0
0110111           -   000  |   1      0       1        0        0       0   001-  0
1100011           -   ---  |   0      -       0        0        0       1   000-  0
